accuracy = 0.7961409395973155
eval_loss = 0.44693955184029255
fn = 176
fp = 67
macro_f1 = 0.7412545122080855
mcc = 0.5013473956702125
tn = 749
tp = 200
weighted_f1 = 0.7852436343415302
